100000007
100000037
100000039
100000049
100000073
100000081
100000123
100000127
100000193
100000213
100000217
100000223
100000231
100000237
100000259
100000267
100000279
100000357
100000379
100000393
100000399
100000421
100000429
100000463
100000469
100000471
100000493
100000541
100000543
100000561
100000567
100000577
100000609
100000627
100000643
100000651
100000661
100000669
100000673
100000687
100000717
100000721
100000793
100000799
100000801
100000837
100000841
100000853
100000891
100000921
100000937
100000939
100000963
100000969
100001029
100001053
100001059
100001081
100001087
100001107
100001119
100001131
100001147
100001159
100001177
100001183
100001203
100001207
100001219
100001227
100001303
100001329
100001333
100001347
100001357
100001399
100001431
100001449
100001467
100001507
100001533
100001537
100001569
100001581
100001591
100001611
100001623
100001651
100001653
100001687
100001689
100001719
100001761
100001767
100001777
100001791
100001801
100001809
100001813
100001819
